1	9999.972	9999.958	65.785	GL
2	9998.258	9939.741	64.734	GL
3	9992.346	9940.005	65.473	GL
4	9998.445	9943.84	65.147	GL
5	9993.917	9942.743	65.242	GL
6	10000.66	9944.977	65.191	GL
7	10003.767	9955.362	64.959	GL
8	10008.05	9959.729	64.511	GL
9	10008.29	9968.735	64.671	GL
10	10005.993	9980.534	64.697	GL
11	10013.255	9984.712	64.387	GL
12	10015.752	10001.801	64.507	GL
13	10015.976	10001.792	64.531	GL
14	10013.978	9993.864	64.608	GL
15	10012.016	9984.648	64.43	GL
16	10002.682	9985.512	64.583	GL
17	10005.337	9996.732	64.846	GL
18	10009.479	9999.951	64.55	GL
19	10008.134	9994.468	65.829	GL
20	10011.874	9994.879	65.591	GL
21	10008.745	9987.658	65.79	GL
22	10005.281	9987.575	65.696	GL
23	10007.785	9990.684	66.043	GL
24	10008.754	10012.553	64.096	GL
25	10001.92	10014.381	63.939	GL
26	9997.853	10014.214	64.149	GL
27	10003.423	10017.968	63.949	GL
28	10002.562	10019.26	63.102	GL
29	10011.202	10029.705	63.031	GL
30	10011.615	10028.603	63.571	GL
31	10015.714	10034.686	63.536	GL
32	10018.05	10033.197	63.647	GL
33	10018.565	10032.683	64.674	GL
34	10022.567	10030.104	65.587	GL
35	10024.128	10029.242	65.239	GL
36	10026.84	10028.556	64.218	GL
37	10024.529	10031.595	64.58	GL
38	10021.658	10037.516	63.23	GL
39	10018.033	10041.584	63.142	GL
40	10016.372	10040.998	62.747	GL
41	10015.582	10036.251	62.79	GL
42	10018.164	10030.832	63.634	GL
43	10016.999	10023.355	63.673	GL
44	10017.046	10016.022	64.001	GL
45	10017.181	10014.45	64.652	GL
46	10020.484	10012.994	64.569	GL
47	10018.214	10006.401	64.339	GL
48	10023.912	10020.382	64.955	GL
49	10020.557	10023.236	65.181	GL
50	10018.833	10024.092	64.721	GL
51	10021.27	10027.021	64.935	GL
52	10024.605	10022.588	64.863	GL
53	10007.123	10001.531	64.521	GL
54	10005.031	10002.243	65.253	GL
55	10000.102	10002.571	65.444	GL
56	9996.501	10003.626	64.945	GL
57	9993.938	10003.309	66.137	GL
58	9992.908	10003.125	66.063	GL
59	9990.995	10004.056	65.169	GL
60	9993.186	10010.757	64.496	GL
61	9995.289	10010.077	65.463	GL
62	9996.358	10009.309	64.327	GL
63	9995.911	10012.069	63.999	GL
64	9987.977	9995.935	65.101	GL
65	9991.017	9994.181	66.055	GL
66	9993.981	9994.028	65.28	GL
67	9997.29	9992.931	64.919	GL
68	9983.3	9984.488	64.97	GL
69	9984.98	9983.994	65.327	GL
70	9988.088	9982.443	65.208	GL
71	9989.056	9982.623	64.603	GL
72	9981.243	9978.252	65.136	GL
73	9985.576	9977.37	65.178	GL
74	9985.891	9976.065	64.616	GL
75	9993.961	9969.058	64.821	GL
76	9996.569	9969.104	65.577	GL
77	9997.292	9968.137	65.098	GL
78	9998.75	9964.432	64.801	GL
79	9996.775	9957.077	64.6	GL
80	9990.403	9956.604	64.4	GL
81	9990.677	9957.712	65	GL
82	9989.355	9961.194	65.38	GL
83	9988.615	9962.316	63.716	GL
84	9988.636	9964.227	64.588	GL
85	9977.988	9960.687	64.846	GL
86	9979.428	9958.59	63.987	GL
87	9979.601	9957.788	64.562	GL
88	9979.287	9954.496	64.657	GL
89	9978.832	9951.889	63.972	GL
90	9971.733	9956.679	64.742	GL
91	9967.969	9947.041	64.973	GL
92	9969.051	9946.13	64.169	GL
93	9970.361	9946.512	65.409	GL
94	9973.349	9945.928	63.748	GL
95	9972.14	9934.473	64.607	GL
96	9969.09	9935.288	66.032	GL
97	9966.492	9936.096	65.277	GL
98	9965.56	9936.227	64.505	GL
99	9964.463	9936.302	65.424	GL
100	9960.478	9942.777	65.126	GL
101	9959.511	9942.569	64.561	GL
102	9959.242	9943.239	64.9	GL
103	9955.432	9946.81	66.167	GL
104	9957.639	9953.967	65.102	GL
105	9961.676	9952.842	64.863	GL
106	9962.622	9952.373	64.205	GL
107	9963.806	9952.635	64.94	GL
108	9967.242	9962.801	64.841	GL
109	9965.902	9963.681	64.088	GL
110	9963.621	9964.581	64.674	GL
111	9949.543	9969.12	64.63	GL
112	9951.771	9974.214	64.484	GL
113	9953.508	9963.003	64.84	GL
114	9948.971	9953.899	65.236	GL
115	9935.506	9954.557	65.164	GL
116	9925.823	9964.391	64.814	GL
117	9925.935	9964.254	64.813	GL
118	9924.612	9973.219	64.551	GL
119	9932.656	9982.573	64.334	GL
120	9933.262	9983.529	63.35	GL
121	9906.926	9966.622	64.965	GL
122	9904.84	9964.997	65.247	GL
123	9916.493	9961.919	65.067	GL
124	9926.783	9956.225	65.099	GL
125	9950.437	9963.584	65.749	GL
126	9945.441	9964.431	65.713	GL
127	9945.448	9962.032	65.668	GL
128	9949.846	9960.226	65.554	GL
129	9978.459	10002.552	64.396	GL
130	9977.225	10002.319	64.389	GL
131	9974.134	10003.762	62.961	GL
132	9969.879	9996.844	63.191	GL
133	9969.828	9996.221	63.872	GL
134	9962.644	9993.104	63.226	GL
135	9962.073	9992.051	63.942	GL
136	9958.468	9987.109	63.168	GL
137	9952.872	9985.782	63.446	GL
138	9953.309	9984.76	64.331	GL
139	9949.682	9980.18	63.318	GL
140	9949.346	9979.656	63.978	GL
141	9942.083	9981.665	63.336	GL
142	9941.66	9981.387	64.199	GL
143	9924.702	9985.148	63.329	GL
144	9924.525	9984.853	64.216	GL
145	9914.527	9984.97	63.29	GL
146	9915.261	9984.896	64.101	GL
147	9911.122	9982.064	63.302	GL
148	9911.073	9982.471	63.949	GL
149	9904.432	9975.795	63.631	GL
150	9906.222	9975.501	64.509	GL
151	9903.101	9965.212	64.016	GL
152	9910.098	9984.487	63.314	GL
153	9909.791	9984.714	63.837	GL
154	9909.93	9994.782	63.306	GL
155	9909.567	9995.176	64.148	GL
156	9915.564	10005.799	63.322	GL
157	9917.108	10008.816	64.371	GL
158	9918.755	10008.326	64.004	GL
159	9915.892	10013.462	64.09	GL
160	9920.851	10023.349	63.619	GL
161	9924.59	10029.865	63.531	GL
162	9926.384	10030.382	63.564	GL
163	9927.306	10030.883	63.071	GL
164	9925.585	10023.191	63.066	GL
165	9924.975	10021.897	63.696	GL
166	9920.999	10012.052	63.071	GL
167	9930.841	10007.277	63.042	GL
168	9944.686	10000.251	63.203	GL
169	9956.012	9995.198	63.147	GL
170	9972.474	9998.901	63.215	GL
171	9974.34	10003.044	63.151	GL
172	9977.677	10004.145	64.878	GL
173	9978.528	10005.338	64.487	GL
174	9979.222	10006.773	63.551	GL
175	9977.43	10007.973	63.127	GL
176	9963.292	10012.614	63.057	GL
177	9955.879	10015.66	62.963	GL
178	9944.908	10017.759	63.073	GL
179	9943.336	10029.415	62.961	GL
180	9927.519	10035.804	62.901	GL
181	9926.699	10035.693	63.599	GL
182	9958.708	10025.683	63.006	GL
183	9971.61	10021.804	63.045	GL
184	9983.658	10020.827	63.08	GL
185	9984.862	10020.802	64.051	GL
186	9987.541	10018.708	63.414	GL
187	10004.365	10027.663	63.1	GL
188	10002.885	10030.33	64.159	GL
189	9999.86	10032.225	62.515	GL
190	9998.911	10032.71	62.969	GL
191	9994.987	10034.782	63.221	GL
192	9994.003	10035.373	62.506	GL
193	9991.523	10036.304	64.151	GL
194	9989.412	10037.029	63.04	GL
195	9976.925	10037.957	62.898	GL
196	9963.497	10042.052	62.859	GL
197	9950.346	10045.37	62.899	GL
198	9931.42	10051.182	62.902	GL
199	9930.764	10051.221	63.443	GL
200	9931.475	10062.932	62.709	GL
201	9930.808	10062.904	63.247	GL
202	9946.544	10062.043	62.691	GL
203	9963.348	10058.264	62.728	GL
204	9986.608	10054.619	62.752	GL
205	9995.67	10052.389	62.813	GL
206	9997.396	10052.441	63.594	GL
207	9999.64	10052.251	63.355	GL
208	10000.725	10051.823	62.52	GL
209	10005.3	10050.2	62.774	GL
210	10006.117	10049.659	62.319	GL
211	10007.141	10049.698	63.262	GL
212	10010.488	10050.435	64.058	GL
213	10012.647	10050.173	62.869	GL
214	10022.027	10044.132	62.795	GL
215	10024.508	10037.525	63.192	GL
216	10023.848	10036.297	62.431	GL
217	10026.514	10031.643	62.414	GL
218	10028.313	10033.091	64.578	GL
219	10031.452	10034.046	64.683	GL
220	10027.326	10036.851	64.435	GL
221	10034.126	10035.731	64.778	GL
222	10034.73	10038.674	64.409	GL
223	10033.923	10040.502	62.759	GL
224	10035.31	10053.616	62.593	GL
225	10023.741	10058.788	62.557	GL
226	10016.838	10061.398	62.853	GL
227	10014.672	10061.409	63.814	GL
228	10011.49	10063.442	62.805	GL
229	10010.819	10064.341	61.964	GL
230	10009.923	10064.598	62.475	GL
231	10006.001	10066.295	62.582	GL
232	10005.173	10066.432	62.007	GL
233	10004.316	10066.744	62.851	GL
234	10001.832	10067.754	63.447	GL
235	10000.014	10068.486	62.556	GL
236	9985.971	10072.999	62.712	GL
237	9968.842	10077.512	62.637	GL
238	9967.708	10078.388	63.222	GL
239	9965.591	10079.134	62.471	GL
240	9964.906	10079.054	61.931	GL
241	9963.925	10079.424	62.629	GL
242	9953.338	10082.211	62.602	GL
243	9940.758	10082.747	62.62	GL
244	9953.954	10097.992	62.451	GL
245	9967.984	10094.664	62.31	GL
246	9968.588	10094.456	61.683	GL
247	9969.521	10094.107	62.327	GL
248	9971.224	10093.712	63.285	GL
249	9972.978	10093.196	62.33	GL
250	9986.161	10088.564	62.424	GL
251	10005.175	10079.766	62.622	GL
252	10006.91	10079.856	63.491	GL
253	10008.991	10079.389	62.762	GL
254	10009.702	10078.662	61.893	GL
255	10010.289	10078.786	62.408	GL
256	10015.374	10077.814	61.725	GL
257	10016.502	10077.372	62.639	GL
258	10019.422	10076.758	63.356	GL
259	10022.707	10075.778	62.612	GL
260	10030.898	10072.747	62.338	GL
261	10040.922	10070.123	62.306	GL
262	10043.387	10079.19	62.335	GL
263	10035.887	10083.088	62.33	GL
264	10029.431	10086.133	62.388	GL
265	10026.481	10088.111	63.449	GL
266	10024.172	10089.585	62.085	GL
267	10023.626	10090.581	62.523	GL
268	10015.837	10093.992	62.333	GL
269	10014.871	10094.228	61.776	GL
270	10014.133	10095.124	62.308	GL
271	10000.22	10099.436	62.301	GL
272	9981.27	10105.65	62.457	GL
273	9975.752	10106.439	62.42	GL
274	9975.057	10107.565	63.044	GL
275	9972.17	10107.767	61.632	GL
276	9971.291	10108.114	62.256	GL
277	9961.049	10109.702	62.384	GL
278	9949.729	10111.816	62.385	GL
279	9970.042	10127.258	62.671	GL
280	9974.444	10126.925	62.6	GL
281	9976.537	10125.802	61.319	GL
282	9978.845	10125.624	62.607	GL
283	9981.123	10125.345	62.05	GL
284	9997.164	10117.611	62.052	GL
285	10015.607	10109.981	62.18	GL
286	10017.312	10109.704	62.884	GL
287	10019.386	10108.487	62.429	GL
288	10020.083	10108.247	61.464	GL
289	10021.023	10107.842	62.159	GL
290	10024.959	10104.955	62.217	GL
291	10025.897	10104.164	61.851	GL
292	10029.309	10100.902	61.957	GL
293	10035.751	10100.648	62.05	GL
294	10035.97	10102.84	62.548	GL
295	10033.639	10108.085	62.054	GL
296	10031.377	10105.711	63.729	GL
297	10031.575	10103.232	63.539	GL
298	10027.838	10104.114	63.602	GL
299	10044.891	10099.68	62.313	GL
300	10050.99	10095.553	62.301	GL
301	10060.082	10120.323	62.073	GL
302	10060.652	10121.743	61.668	GL
303	10041.616	10127.957	62.058	GL
304	10041.584	10129.287	61.634	GL
305	10039.279	10127.931	62.221	GL
306	10037.74	10128.343	62.942	GL
307	10034.836	10128.676	62.062	GL
308	10034.121	10128.717	61.218	GL
309	10033.01	10128.751	61.901	GL
310	10028.997	10131.743	61.218	GL
311	10025.38	10132.453	62.871	GL
312	10024.976	10135.87	61.782	GL
313	10010.521	10139.399	61.741	GL
314	10009.642	10137.089	62.099	GL
315	9988.398	10138.166	62.129	GL
316	9984.572	10132.047	62.406	GL
317	9984.419	10134.743	64.062	GL
318	9979.383	10136.268	61.239	GL
319	9975.499	10137.783	63.246	GL
320	9977.498	10147.402	63.06	GL
321	9981.858	10146.383	61.104	GL
322	9986.499	10141.946	63.872	GL
323	9987.642	10156.79	62.534	GL
324	9990.855	10155.133	63.259	GL
325	9984.829	10156.86	60.942	GL
326	9977.791	10159.413	63.085	GL
327	9982.02	10174.644	63.012	GL
328	9986.031	10174.164	61.554	GL
329	9983.439	10180.072	61.545	GL
330	9988.344	10171.85	60.656	GL
331	9989.238	10171.311	61.242	GL
332	9992.035	10170.1	61.275	GL
333	9991.73	10169.277	60.625	GL
334	9991.575	10167.874	61.541	GL
335	9991.047	10164.582	62.736	GL
336	9992.752	10164.244	62.497	GL
337	9994.449	10164.099	61.553	GL
338	9993.262	10149.123	61.965	GL
339	10005.779	10154.029	61.692	GL
340	10018.715	10151.457	61.713	GL
341	10030.013	10151.51	61.674	GL
342	10032.336	10151.369	62.573	GL
343	10036.77	10150.672	61.426	GL
344	10042.156	10148.87	61.365	GL
345	10045.472	10147.808	62.509	GL
346	10047.713	10147.425	61.751	GL
347	10060.538	10145.702	61.778	GL
348	10062.792	10149.043	61.535	GL
349	10063.926	10151.531	61.244	GL
350	10064.988	10154.405	61.367	GL
351	10053.669	10163.472	61.386	GL
352	10051.913	10164.009	62.219	GL
353	10051.222	10157.835	61.355	GL
354	10049.235	10157.741	62.158	GL
355	10050.387	10154.574	61.714	GL
356	10048.898	10167.426	61.353	GL
357	10042.388	10169.08	61.45	GL
358	10040.983	10169.561	60.559	GL
359	10037.44	10167.327	63.066	GL
360	10035.668	10165.841	62.366	GL
361	10034.932	10163.69	61.777	GL
362	10019.103	10173.548	61.482	GL
363	10019.643	10174.782	60.74	GL
364	10008.308	10174.635	62.168	GL
365	10007.332	10172.244	62.679	GL
366	10006.207	10168.842	60.529	GL
367	9993.94	10171.833	61.634	GL
368	9993.367	10174.721	63.412	GL
369	9992.899	10177.928	61.761	GL
